	X090319_0121168	X090328_0121177	X090333_0121182	X090343_0121192	X090347_0121196	X090350_0121199	X090352_0121201	X090364_0121213	X090318_0121167	X090320_0121169	X090324_0121173	X090327_0121176	X090332_0121181	X090342_0121191	X090346_0121195	X090349_0121198	X090351_0121200	X090363_0121212	PERMUTED
GO_REGULATION_OF_LEUKOCYTE_PROLIFERATION	-0.0047666086077361725	0.11768473036243987	0.15030560579265512	-0.03344592709688361	-0.01676108386175726	0.030824330468230743	-0.04903718676494474	0.13751808262267762	-0.11747634436342343	-0.17590256902261425	0.0623984862130612	0.07388949228098753	0.17049639900320354	-0.0051779047392837285	-0.19119924012240455	0.05957734336221965	-0.08465057100728939	-0.04321898058383225	0
GO_REGULATION_OF_INTERLEUKIN_4_PRODUCTION	-0.17017010544032943	0.0774543115393378	0.23484790396503757	0.03925078087951936	-0.12921547587357723	0.019465480851365624	0.06899892014050057	0.18525695351730165	0.27613462110654513	-0.10265067784160742	0.20836889754679358	0.3289198318444815	-0.2728482889187943	0.07417144121568539	-0.32567941302045417	0.2033980592694306	-0.00333075695844387	-0.22579145577001705	0
GO_MYELOID_LEUKOCYTE_MIGRATION	-0.03325571141314451	0.1048614374555857	0.08593111076400715	0.025887295385573536	0.01195245154101321	-0.03444084201197868	-0.02465439851853274	-0.0848860818898086	0.0898139222152029	-0.000770939393213238	0.032688931074795174	0.1170609716692331	0.17559246341518936	0.10422589997869192	-0.136273992761273	0.05888152016662562	-0.09288607504402284	-0.036754742280120156	0
GO_NEGATIVE_REGULATION_OF_INTERLEUKIN_1_PRODUCTION	-0.03289396742764311	0.13214682236042993	0.40663319148883187	-0.27511253765864935	-0.08469156837979076	-0.02335235265110619	0.1768899096226096	-0.11187040956744991	-0.24102415349549788	0.027838929837780274	0.3226136965457466	0.33495505895689826	0.13228695759474712	-0.08138826429003862	-0.306874127223568	-0.2434656526980406	0.12178602364045842	0.24606922084338606	0
GO_POSITIVE_REGULATION_OF_LEUKOCYTE_APOPTOTIC_PROCESS	-0.026688384577635144	-0.2948806575803492	0.4739674591935473	-0.16849081372810185	0.07828083949297651	0.20010384985604682	0.03251111633783804	-0.18298757250444464	0.040322242685033705	0.17028091769226086	-0.0426957435628382	0.18011035207568468	0.38493932877644643	0.18470336339361415	-0.24976227543453045	0.133936560166302	0.10447543094377529	0.08041880613662117	0
GO_RESPONSE_TO_INTERLEUKIN_4	-0.35074727730432137	0.32625613027941053	-0.21152523452778618	-0.14410461543286002	-0.07928921552762264	-0.38953436633212873	-0.07692758526574328	-0.1476767087334388	0.14074669246055838	0.39672054706214327	0.2700969958284455	0.15162881010133514	0.0992083389093651	0.05956564735533049	0.14589599216187427	-0.24552384338901984	-0.26324662318337205	-0.1162815449905675	0
GO_POSITIVE_REGULATION_OF_INTERLEUKIN_8_PRODUCTION	-0.1547631929672894	0.014071288005292393	0.07293410247997364	-0.051531388531239314	0.056135284171252214	-0.054417064347110064	0.315203917180473	0.24495120657649733	0.12090160262469893	-0.17504835806494137	0.03311408000510613	0.05727690614614972	-0.18834870177308846	-0.08957666719044033	-0.16075094087284636	-0.09933351996456954	-0.27584081222669005	0.26236643791482284	0
GO_REGULATION_OF_LEUKOCYTE_APOPTOTIC_PROCESS	0.03359469984213423	0.024819612846743083	0.11822906861276	0.020208967227662272	-0.12302570672068061	0.07454682318997113	0.05034125508404269	0.009743752300932579	-0.13375369289512226	-0.050095028298683605	-0.026589784838687847	0.08384466471415582	0.16692400502149682	0.013318608236481677	-0.03847569453418781	0.04200937883336811	-0.04352050778047857	-0.03344841783506891	0
GO_NEGATIVE_REGULATION_OF_LEUKOCYTE_PROLIFERATION	-0.07202333809503046	0.2084439513383328	0.12633240139077817	0.06492255464285673	0.037039492121925754	0.1102005186096224	-0.17866356680205925	0.07119346654824478	-0.20247908044234997	-0.10393489047855348	0.036442901754920154	-0.054431721747575185	-0.023986520148397195	0.030019467397601085	-0.09906717074849217	0.14888589588074852	-0.019000624354502033	-0.12126304222318904	0
GO_POSITIVE_REGULATION_OF_LEUKOCYTE_DEGRANULATION	-0.04440211832423763	-0.05060968510309671	0.19951342707891775	0.1256050267024745	-0.3468746568086165	-0.14057774522750294	-0.0497864084114816	0.056957692654268366	0.2955599358077463	-0.3107855338928251	-0.12385681330246251	0.036944517648924174	0.06553087484118306	-0.23481832581656495	-0.39582766008920084	0.2883298588032384	-0.3740009437400936	0.24245482581130937	0
GO_NEGATIVE_REGULATION_OF_LEUKOCYTE_MEDIATED_IMMUNITY	-0.057219437122162306	0.2169149707107056	0.2987492471989329	-0.0653075058542131	-0.010178449984106108	0.023465774945847173	-0.12153793806152233	0.3114654208253034	-0.07103013270028236	-0.16000276063232882	0.19963721467108245	0.40210147833482346	-0.176978698612557	-0.10080378944631899	-0.16719697342389045	0.08098832971408745	-0.13211424750763626	-0.19393581172516622	0
GO_MYELOID_LEUKOCYTE_DIFFERENTIATION	-0.08478636308914944	0.021440398883064704	0.020395556904286335	0.0634791194546665	-0.19398175210926877	0.12310872107703033	-0.036886398486820376	0.05617437809127851	-0.11548468294319031	-0.0962404993547779	0.07488495049573637	-0.01049430999114842	0.018664152623161928	-0.028152754004401287	-0.21607055962815053	0.11633357240403021	0.031511920955296174	0.05081684395744748	0
GO_LEUKOCYTE_MEDIATED_CYTOTOXICITY	0.21250548269627523	0.19226314067931444	0.26442721253755586	0.041642895436200755	-0.026115248292638393	0.06158594050633484	-0.058511842949642234	0.08457727859673415	-0.04618142727961673	-0.24971707216606515	-0.008838976273175203	0.24435831671358602	0.14511424254255623	-0.031295177800334084	-0.08614944134553065	-0.034351702846723564	-0.07113015490031636	0.0360792589512339	0
GO_LEUKOTRIENE_BIOSYNTHETIC_PROCESS	-0.24184150606848762	-0.0013737575249336276	0.2557970027694072	-0.13892169928361575	0.4439206340798455	0.18381513726310356	0.05012007627142104	0.5263769908448498	0.06203334284020154	-0.11612684845077581	0.19107198080633644	0.16264458672121979	0.27546294211009814	-0.26082112560695464	0.13978891481242287	-0.4082053807609981	-0.0883822073060207	0.2033753850916306	0
GO_LEUKOCYTE_DIFFERENTIATION	-0.04742454830975702	0.06678541532332734	0.11312554609711652	0.03493990606606148	-0.04927055993699343	0.049839040910848745	-0.0400687349823919	0.01732076293565707	-0.04876582510530185	-0.08065995388068675	0.07484760142787593	-0.0006320773188718126	0.06129765855643575	-0.0013035239854611858	-0.19712853605329655	0.05109370163770437	-0.0415609303592446	-0.026758698680446058	0
GO_INTERLEUKIN_1_PRODUCTION	0.14123855803695254	0.26588611099080633	0.24930544941104654	-0.1913447277861014	0.015459676348637902	-0.0904594186418487	0.11053477802821851	0.12534168451277056	-0.15756217702628117	-0.05469019896081394	0.17032010565753297	0.20384762910634882	-0.08880951170736674	-0.030390908700997477	-0.20197448610330415	-0.03004776015748853	-0.1712432406989413	0.24134646552931188	0
GO_LEUKOCYTE_MEDIATED_IMMUNITY	-0.10251103303718627	0.15048078714864244	0.002580374241934802	0.07601750498053005	-0.05182374156377359	-0.12312072904604526	0.001507254154227089	-0.06472467678639585	0.018835389551230375	0.004783251007065031	-0.028379045952557885	0.17182902258781757	0.1577183478206948	0.05721192856005872	-0.05006692382169696	-0.089541516724054	-0.13618494045487178	-0.04376922330566402	0
GO_REGULATION_OF_LEUKOCYTE_MIGRATION	-0.06826837404749139	0.005191234654669974	0.10584752322746757	-0.060888061902060864	0.08479359770306584	-0.04070674631037098	-0.029563744589561652	-0.1797114697084889	0.0698517454878027	0.013710828918747836	0.04020109489380917	0.12970953788581982	0.11371007522559883	0.1077642607779133	-0.063833996763071	-0.03242673371372792	-0.04557870576801047	0.00988326406747142	0
GO_POSITIVE_REGULATION_OF_INTERLEUKIN_8_SECRETION	0.04412846729399453	-0.025242041953581096	0.07063751343079305	0.22474369237971437	-0.10333434905544098	-0.060783631596968424	0.3961144033766021	0.4212480743984664	0.15983863272579626	-0.49241913429782114	0.06536342995817683	0.3195135495094575	0.43310660462748424	-0.3313916725550069	-0.40915247160737067	-0.07191505956455135	-0.32149481883961023	0.486806121563142	0
GO_LEUKOCYTE_CHEMOTAXIS	-0.037315288458030726	0.03733753062334824	0.12226108700623392	0.0036429690144961224	0.06214042574057724	-0.09557752361624049	0.08834514009704064	-0.11998297664495193	0.20911027057048973	-0.016351439151605057	0.05992914308680068	0.09770471303311963	0.20700904228510866	0.06026437421841141	-0.08206818253521002	0.15097246670077163	-0.043438860778479554	-0.08655318331056527	0
GO_POSITIVE_REGULATION_OF_INTERLEUKIN_1_SECRETION	0.23161871896828462	0.10510007337376777	0.3022460263741059	-0.04156203515596585	0.3797684974510955	-0.13102178227722988	0.3652909998160931	-0.18470920517142844	0.03517851236323946	0.02628216302694325	0.21477616831898888	0.322976733415006	-0.03678992888947044	-0.004174557365968917	-0.3295041080356017	-0.1388222073757269	-0.1189780899901755	0.0834330617115131	0
GO_POSITIVE_REGULATION_OF_LEUKOCYTE_PROLIFERATION	0.028438506834891103	0.12465872366541382	0.24181001745301497	-0.08618131076070326	-0.10653120351519464	0.01853930836015591	0.0019191620410524413	0.13875554493268105	-0.10481813843659059	-0.2579361849243821	0.13540406638178648	0.1059314739536413	0.26182600254212	0.014155106139598334	-0.2642351183619455	0.08452480644317673	-0.07987358124752739	-0.026163692598578286	0
GO_NEGATIVE_REGULATION_OF_LEUKOCYTE_APOPTOTIC_PROCESS	-0.12396358748910064	0.12075992566863124	0.10084012355702451	-0.005648232245403173	-0.15168500508035965	0.12445605958082917	0.06680061611964948	0.27823454873691456	-0.24237899898738519	-0.153867632790207	-0.015077572395367222	0.10207630149759475	0.0038113516222068877	-0.193597919886831	-0.059128625003122215	0.022039628184942456	-0.18169185192218887	0.041925004446703246	0
GO_NEGATIVE_REGULATION_OF_INTERLEUKIN_6_PRODUCTION	-0.18380038772773608	0.05264606752803444	0.32534405091278656	-0.35722846072361125	0.095291577853191	0.08910662803047742	-0.24785985782409103	0.2833012449305059	-0.23935122324935731	-0.09918718888421002	0.26778708186425165	0.12747704896821854	0.21451910114983552	0.2994567049776232	-0.3174845427737787	-0.07669180676011983	-0.18230518580305993	-0.06882071427393373	0
GO_REGULATION_OF_LEUKOCYTE_DIFFERENTIATION	-0.1165714004926385	0.09168786053057378	0.11457124787063107	-0.021614834562717705	-0.029666661377058742	0.11884494850294407	-0.014553032807148758	0.049647145810314014	-0.09587052800962857	-0.00021848102466900943	0.11701238889309677	0.006885798386227118	0.0027400924626379553	-0.041966883400148286	-0.2180762576526366	0.07601925289129613	-0.10334148210565768	0.035275887117841714	0
GO_LEUKOCYTE_MIGRATION	-0.05258205908285804	0.024792503886293227	0.04075434115020478	-0.041366954916119	-0.014088725914408962	0.00491973323582881	0.028685028727424233	-0.06346916343433195	0.08787080709993356	0.025075283076741672	-0.05758293093564115	0.1213701962692342	0.13450117707950696	0.12927589721373392	-0.0398786469935124	0.0609443027370917	-0.04801603410000248	-0.02781641399729154	0
GO_POSITIVE_REGULATION_OF_LEUKOCYTE_DIFFERENTIATION	-0.09278978766392529	0.18117146578738677	0.1691048846034941	-0.06311201428858741	-0.004661987752899194	0.14704971436033926	-0.08976051303446148	0.027921584317046264	-0.12043170994544938	-0.06132517569183968	0.04629695609458587	0.059953130836860935	0.014119977412149126	-0.0424902675196385	-0.2850162340288141	0.07607729949238407	-0.049108730601391704	0.0761775543097582	0
GO_LEUKOCYTE_PROLIFERATION	-0.00572985383269034	0.12190287000823267	0.06997841459771927	-0.06939983910311874	-0.03713148144797562	0.008125393537400522	-0.03810938400361867	0.06761021499252835	0.0011823649453981955	-0.1556945445427637	0.031269747644897095	0.06436924459463823	0.1779646321842619	0.09210569550217064	-0.16526415105842557	0.051657707555733345	-0.07651402728810283	-0.07062870197149762	0
GO_POSITIVE_REGULATION_OF_INTERLEUKIN_12_PRODUCTION	0.07353734467483686	0.15868633056324657	0.2491254370621134	-0.02405116295836368	0.0727886912887171	-0.27211409722483665	-0.029699414964777987	0.07724803568420427	-0.22892969220540083	-0.04137580562902421	-0.04625167720004908	-0.032176944163723686	-0.040884573321884776	0.20362900796199918	0.008185834442419326	-0.17352251751424014	-0.010679111246649442	0.29326399241728635	0
GO_POSITIVE_REGULATION_OF_LEUKOCYTE_MIGRATION	-0.04742609818173982	-0.046974202522996625	0.17967674864942357	-0.003869623602251543	0.1075308970272767	-0.0061662265065660915	-0.0042927444442553975	-0.21044859824281947	0.099806624814862	-0.03569960363339382	-0.0030461201373450097	0.13069057208117152	0.13655774422426484	0.10318387767702875	-0.16350415347954636	-0.02343310395072487	-0.03537392639817746	-0.016734830156644648	0
GO_NEGATIVE_REGULATION_OF_LEUKOCYTE_MIGRATION	0.09036704472618098	0.07778599002307691	-0.09183369648215542	-0.02768195481369068	0.09077691460810672	0.04525700108255916	-0.16833345056268745	0.04471799051243858	0.11651346570836152	0.13190026601703686	0.02852805597167371	0.062404308065306086	-0.01820627081622353	0.08410137553878422	-0.04640308226798323	0.027310341604787236	-0.11983223012339768	0.2584426518281943	0
GO_NEGATIVE_REGULATION_OF_INTERLEUKIN_10_PRODUCTION	0.08075105042017108	0.34838649057183574	0.09867665316889868	0.005545484166190551	0.20430866123230695	-0.1458868286662658	-0.280631665887502	0.375636706765818	-0.3482396446150291	-0.15336404981011284	-0.08559297230670043	0.21652208597040928	0.20609367911689208	-0.09874190768540131	-0.3290061660786032	0.16033697790050272	0.08674105107581823	-0.0696233022453005	0
GO_MYELOID_LEUKOCYTE_ACTIVATION	-0.1250801130710127	0.15350585787858795	-0.03686771372398029	0.06720667401703537	-0.08179686031884206	-0.1360303894214539	0.014392112041944405	-0.03777229480381969	0.03571477168892638	-0.017137526620823296	-0.004947650787056057	0.179383642051221	0.18541654294866614	0.040244799517818494	-0.06646709677435551	-0.12699729894865816	-0.1427206232099621	-0.06283577494296942	0
GO_POSITIVE_REGULATION_OF_INTERLEUKIN_6_SECRETION	0.37583960060031585	-0.15548746366128674	0.10378985546077754	0.3582227522213045	-0.2810771459104955	-0.19264535402357422	0.5012184925381538	0.014714484456377214	0.13938845413478337	-0.4369251068828627	-0.1208522705806136	0.30194292081151103	0.12939346378442357	0.10717029238562073	-0.3765243629973921	-0.13308170297764121	-0.021036990065965017	-0.15675652270855522	0
GO_NEGATIVE_REGULATION_OF_MYELOID_LEUKOCYTE_DIFFERENTIATION	-0.24502479244817793	-0.07387154403077392	0.011973734580424833	-0.10777600265280707	-0.3258360596050499	0.38330148632429806	-0.13756459595531917	0.24852653967753496	-0.17702750409333984	0.03503882323008098	0.04991735904119393	-0.07236975054999391	0.052284766987471004	-0.10943478468821477	-0.21000143865689594	0.2738686405408854	-0.19332470119031753	0.24117506410139977	0
GO_POSITIVE_REGULATION_OF_INTERLEUKIN_1_PRODUCTION	0.277596359517686	0.18265614701027466	0.16358111877219805	-0.04328874435328765	0.20385607812664028	-0.08322918459120748	0.1505702890384911	0.04246236364912051	-0.09397595235761497	0.004137032951219449	0.03849716620541857	0.02816425254085686	-0.13111524549710799	0.020987054894958612	-0.14674974159547272	0.04875367187419219	-0.09716724383740225	0.09747164717136186	0
GO_RESPONSE_TO_INTERLEUKIN_1	-0.12287959755668199	0.02308513050589056	0.17475963208168532	0.020479828238325365	-0.0756236551792453	-0.04586132161505668	0.02779795116882476	-0.25658494800803494	0.05188338749717751	-0.10066501070053668	0.0876599057653423	0.11627658502614172	0.2151860421139215	0.16726001778716487	-0.1259032467960656	-0.0843976102696449	-0.11770996102044727	-0.07783483065044827	0
GO_LEUKOCYTE_APOPTOTIC_PROCESS	0.017889753985549317	0.058273842132505846	0.14251842774835238	0.0894061306077916	-0.1065129757583832	-0.01874241776609034	0.0219247521599662	0.011425806562035151	-0.09078086072074705	-0.10818020167374622	-0.05439184488041569	0.08174389356983833	0.09299111389886049	-0.017412412164772628	-0.08663306189512524	0.07584560754559233	-0.07474130848319462	-0.04624767257089926	0
GO_NEGATIVE_REGULATION_OF_INTERLEUKIN_8_PRODUCTION	-0.4984521320776697	0.15015526184696185	0.14140719685536293	-0.22279822816742426	0.012489040987195194	-0.2663234894790952	-0.3484346962377445	0.12702508984008834	0.20728117568261312	0.3064864789008195	0.5958903163801788	0.19678327974086493	0.27824078148656783	0.27150550706378457	-0.23057130488801628	-0.11933736829722363	-0.4161330793552817	0.28589331870092527	0
GO_LEUKOCYTE_ADHESION_TO_VASCULAR_ENDOTHELIAL_CELL	0.2058816435591597	-0.11967461310042535	0.4105112077406147	0.1608543914320198	0.025704907121793463	0.08109749632612231	-0.12551814607219444	-0.24588278946960035	-0.1752136202772498	0.05208672536294148	-0.30916306006223204	-0.3090945765142814	0.21862586078531493	0.2789946372124099	-0.22143878357137142	0.031929895739205405	0.1430956594427366	-0.3295994145155357	0
GO_INTERLEUKIN_1_MEDIATED_SIGNALING_PATHWAY	-0.24214923518113418	0.10426826092131107	0.1708526413899859	0.11927254134978334	-0.11771050349384074	-0.15602939355378215	-0.03307550273484869	-0.39374234373562034	-0.03841801889857796	-0.016418709955573513	0.08128514984538898	0.13957105434542627	0.14273207329145382	0.09190876320690895	0.024591353358923568	-0.20952536867331356	-0.15324835939003284	-0.09335650004130017	0
GO_MYELOID_LEUKOCYTE_MEDIATED_IMMUNITY	-0.1389920384487407	0.16743375603462174	-0.034958604686795194	0.06576477667933528	-0.08604681968040709	-0.1647070660458837	0.03277765140582417	-0.07255771863809403	0.043619763253850335	0.006276382315594353	-0.0073467131750711845	0.20793922927169128	0.20171498304342897	0.042252482227856256	-0.042855196679785545	-0.17016324626923426	-0.20734875713538	-0.08785867681718412	0
GO_NEGATIVE_REGULATION_OF_INTERLEUKIN_12_PRODUCTION	0.002625533311426176	0.10278962914338986	-0.011668325413223823	-0.08902138524068479	-0.18373811723023661	0.31239431297021236	-0.08517424057231715	0.3554221324071412	-0.11314532663549381	-0.05360066881002651	0.06082466244786369	-0.328288033246442	0.004178014072711123	0.2645463709333764	0.12559566039412573	0.0710342513347651	-0.14648601015039048	0.18718517326664325	0
GO_POSITIVE_REGULATION_OF_INTERLEUKIN_4_PRODUCTION	-0.04826664779493574	0.024525429089116285	0.23875250180632984	-0.11806081691110204	0.012190727307883564	0.02995337579029056	0.08629805234372799	0.25236371404672087	0.4367940601048398	-0.10189179156745509	0.2352842086519309	0.36836675853769446	-0.32573503254674047	-0.05745411331903441	-0.13160299129555475	0.14828398108314675	-0.19901836563866498	-0.2627593508674442	0
GO_RESPONSE_TO_INTERLEUKIN_6	0.14300388124074928	-0.13914896345756006	-0.16712610611752213	-0.1463969050955335	-0.11051753020364968	0.24856268232210282	0.07919949976970786	0.0640962352234351	-0.07013989495392398	0.33604894263658097	0.06648125121381493	-0.18305169413946065	-0.007496059823869222	0.05576705779467184	-0.09225202692698706	0.28647171136531274	0.022648088223685484	-0.09078054389216797	0
GO_REGULATION_OF_LEUKOCYTE_MEDIATED_IMMUNITY	0.017159800304217668	0.057755366054550686	0.13467442982212352	0.03708017995837054	0.008193941124316123	-0.013005571880965433	-0.05868294199495672	0.0009965325360061505	0.05334158566874912	-0.0840288468586101	-0.03682663784420882	0.040554959665400625	-0.033950469927450516	0.08428715719175604	-0.06763918208617276	0.0682721543433365	0.014911413591182782	0.045894144134593945	0
GO_REGULATION_OF_LEUKOCYTE_CHEMOTAXIS	-0.09940760876817654	0.02337397034505359	0.1535925832318467	0.05606443718104044	-0.0011941511134921368	-0.05591086455447561	0.0868776419819457	-0.2639607289150529	0.10678666479396554	-0.1353431332101737	0.10327826123122531	0.07011908664346915	0.2438123349109801	0.0666304721154587	-0.12193821320569803	0.11144209754532049	0.002840821821560091	0.027823940945968295	0
GO_LEUKOCYTE_CELL_CELL_ADHESION	0.01857258268281864	0.0653924515167054	0.2365592796016638	0.05337194511633657	-0.015709682488261087	0.08065171402005057	-0.03290517142890871	-0.009527458385653942	-0.05869181786969932	-0.12750742479310828	0.001900442771265276	0.05214685945878958	0.003833049978142128	0.12210550399837224	-0.21660534823520367	0.10634490221833788	0.0329387115148002	-0.1118083168569229	0
GO_NEGATIVE_REGULATION_OF_LEUKOCYTE_DEGRANULATION	-0.32295771187341066	0.25917018051761725	0.3437194221880884	0.1714225762756125	-0.15499711053163817	-0.16155107963999954	-0.007799235322530185	0.029664632145454922	-0.12281829726206317	0.27448207684727577	-0.052858744989346174	0.5958466008580735	-0.20129636404287188	0.10611529530406572	0.016747694125150897	0.32552861035891956	-0.29321322260539706	0.1259481468784909	0
GO_POSITIVE_REGULATION_OF_INTERLEUKIN_17_PRODUCTION	0.021313037014762115	-0.2356497230268707	0.30247816496673186	-0.29627237312868326	0.11689375518074324	-0.09794692928821183	-0.3447764144501928	-0.1034934653988622	0.22779209026982714	0.4324843519379741	0.08013408819760723	0.16667431949161332	-0.18768823445799204	-0.08001854881292414	-0.37098544943982115	0.47922161393295	0.3183263744962715	0.11071394152613745	0
GO_REGULATION_OF_MYELOID_LEUKOCYTE_DIFFERENTIATION	-0.24813383786714516	-0.0299510467299198	0.04182692190720175	0.034797482163126794	-0.15743792843590404	0.24862656492695556	-0.11780579315669332	0.17790632756199087	-0.2376991929014568	-0.012298280551304525	0.07503635872740046	-0.05075793348516841	-0.009449368933419078	-0.07635023973488424	-0.19364873897056678	0.1808989040197424	-0.019912210262193558	0.11569638249550074	0
GO_POSITIVE_REGULATION_OF_MYELOID_LEUKOCYTE_CYTOKINE_PRODUCTION_INVOLVED_IN_IMMUNE_RESPONSE	-0.26596392912137146	0.021770812936162565	-0.15986273447283011	0.2415101506226574	0.21325539018540465	0.20582829021627222	0.11352263989058844	0.06058263137669437	0.2482482793127351	-0.13802535234441965	-0.08701967599599539	0.034218656215452115	-0.2146046410268987	-0.019220890410676567	-0.0043625568569307105	-0.21250805697227027	-0.501663117092449	0.4470467789118988	0
GO_NEGATIVE_REGULATION_OF_LEUKOCYTE_CHEMOTAXIS	0.3194488813565151	0.16013043692062895	0.1107203928241292	-0.09898812894143919	0.16918003903689405	-0.036651267712781516	-0.02273750416565032	0.24714855288163445	-0.04775500997401794	-0.31701603003819334	-0.12114470466976499	-0.013429670074135397	0.393214951283761	-0.16818165594245105	-0.42271758990416664	0.40984135785704245	-0.1974776297886341	0.349869935962954	0
GO_POSITIVE_REGULATION_OF_INTERLEUKIN_2_PRODUCTION	0.06589697412225526	0.003961845690579613	0.3482595044436316	0.1231655213364868	-0.1984512640729147	0.07844784688302481	-0.24559486239154582	0.1465470309403146	0.30807722316346353	0.12496719987237775	-0.03439064345284934	-0.18383009656357208	0.010347347395091078	0.029488850116271004	-0.10121267487246594	-0.016337549109780414	-0.20916327454534728	-0.044215653723162884	0
GO_POSITIVE_REGULATION_OF_INTERLEUKIN_13_PRODUCTION	0.12106596447172319	0.15670711248200636	0.198170982741322	-0.3152229004045402	0.12157163513887609	0.071165904724062	0.16811614700342653	0.04157907087689122	0.004820668012542856	-0.11792254810843694	-0.05883714573438517	0.26937769026768604	-0.044614821385151965	-0.13469142762897912	0.0755875927443467	0.15307183916519285	0.06906172272481939	-0.19107454808377075	0
GO_REGULATION_OF_LEUKOCYTE_DEGRANULATION	-0.22618241944048717	0.13453220627030804	0.02750689405088852	0.03217997261359065	-0.03538973840070456	-0.08798559434441892	-0.12427935287031533	0.10447981152615916	0.054366686875155695	0.0070496565223582	0.01371963565261572	0.07780649958593747	-0.08186702974512294	-0.09631484075534605	-0.3099857771997398	0.18254275137297415	-0.28466658502402353	0.30359575345925893	0
GO_POSITIVE_REGULATION_OF_INTERLEUKIN_10_PRODUCTION	0.058665419107275296	0.2141483997821651	0.28121576290347566	0.15532718058354916	-0.3893390063856532	-0.10864478375364608	0.1759334285271051	-0.2272515444099129	0.052378629202844695	-0.22761386957126759	0.15765541104983175	0.10284650893388128	-0.011514372597239642	0.3318946798049033	-0.1366612964784834	-0.1561809944011242	-0.041956825052070296	-0.047958497970185476	0
GO_LEUKOCYTE_MIGRATION_INVOLVED_IN_INFLAMMATORY_RESPONSE	0.013064309284848058	0.04748889567232384	0.5053441306755213	0.109046427730938	0.4552488040319128	-0.2777276523421751	-0.0623215945019982	-0.08098213562661746	0.42109078932697713	-0.08550260118187372	0.12600351990251638	0.1629876493661062	0.4334574399135366	0.16034652377161293	-0.3126054900739569	0.09732616440527875	-0.2941009319195525	0.06549845770166574	0
GO_POSITIVE_REGULATION_OF_LEUKOCYTE_CHEMOTAXIS	-0.1159587165734243	-0.03392619471796439	0.23983084433029572	0.12646637714411718	-0.0035103741392635	-0.012824005233812663	0.06225844143949755	-0.35607917537855915	0.15291088228923524	-0.15021245211372908	0.06629123845415608	0.11601105129060126	0.24674883594760327	0.10556720666811936	-0.20608247425646725	0.08593417926370317	0.02477348092800069	-0.035763504500979204	0
GO_NEGATIVE_REGULATION_OF_INTERLEUKIN_17_PRODUCTION	0.04079735247030228	0.30547829134600163	0.46980336405617446	-0.4791382020141397	0.16508904251797551	-0.03184878084102616	-0.36724492309730006	-0.021227669410403827	-0.19119571688864223	-0.46549264241021915	0.21187276621996629	0.2972546245331512	0.46496668791062895	-0.04757760489806276	-0.37274623386951616	0.19760227580870568	-0.48019680446786656	0.371042343527448	0
GO_POSITIVE_REGULATION_OF_INTERLEUKIN_6_PRODUCTION	0.17332245452719744	-0.040953713637240347	0.13287583660014926	0.14976329290009932	-0.12152195858655956	-0.0708947773889623	0.21201235104037447	0.18565451542806538	0.011157514588142375	-0.264943271487817	-0.19076013380256218	0.1529475933231978	0.001205951133775779	-0.04649062062014936	-0.2561594474160721	0.07838318894071161	-0.04804014996078415	0.12855232465499639	0
GO_NEGATIVE_REGULATION_OF_LEUKOCYTE_DIFFERENTIATION	-0.15258824842225566	0.006088864018976847	0.14038087622848988	-0.0672500460221685	-0.09786021489913421	0.2163814246359874	-0.12138341491258055	0.14513200738963147	-0.11592578391618329	0.016811079786511945	0.055511065292956366	0.07346936023825927	0.048655142596506246	-0.07946166273497318	-0.24452444338426088	0.16369012758912152	-0.1573419189352332	0.15426419807210726	0
GO_POSITIVE_REGULATION_OF_MYELOID_LEUKOCYTE_MEDIATED_IMMUNITY	-0.14586301432949772	0.04323666218111219	-0.013354673594810546	-0.18710907499223983	0.05980013792665076	-0.1871764689154024	-0.052840562287429504	-0.0021815523032631123	0.31518990540268804	-0.03903997076263385	0.1329285814516003	-0.2728426824221017	-0.1869968753919237	0.13941926302531407	-0.18215094827033673	0.16716961399155494	-0.43641953052641147	0.38547048147715685	0
GO_POSITIVE_REGULATION_OF_INTERLEUKIN_2_BIOSYNTHETIC_PROCESS	0.1875436333732368	-0.02454310384231978	0.39721279444756663	0.30184391925345416	-0.2638089287017546	0.527810234816011	-0.3191643711462718	0.3864230669218606	0.21008457938126496	-0.561550978462083	-0.3014517230102758	0.05113499989350001	-0.36631440400328025	-0.01733222082717234	-0.17366626316703668	0.04133667171855726	-0.21702044305043966	-0.2708426637632496	0
GO_LEUKOTRIENE_METABOLIC_PROCESS	-0.13923539333920532	0.011498674483072513	0.3292785366916724	-0.002484097041625971	0.49821185999117606	0.04236255164866101	0.26808725034711334	0.20788338694393754	0.015297850230971938	-0.13229506116724335	0.1783127616453748	-0.1734667772743555	0.2189041507659893	0.1433934800959464	0.1618180032547791	-0.19214170048374274	-0.16530515043460853	0.14087913771760985	0
GO_POSITIVE_REGULATION_OF_MYELOID_LEUKOCYTE_DIFFERENTIATION	-0.19993798788241363	0.046754994952752454	0.1657715750363925	-0.10017795311126172	-0.004458326224351633	0.21823762457639295	-0.20509507009411088	0.1491189622920882	-0.26049301134440656	0.004953543953503781	0.056753447263592965	-0.052159963487572625	0.05699313589305571	0.004379730661108389	-0.2844885765244897	0.15300483428796635	0.1392888142920266	0.13032131198728542	0
GO_LEUKOCYTE_HOMEOSTASIS	0.06300484378043927	-0.029615700722367883	0.13933451084359813	0.11694401695070275	-0.15475574291610608	0.06333012919279984	-0.005537650754302237	-0.06396746494888882	-0.037735159624532874	-0.1262918965993483	0.041123226411119235	0.09733115625597921	0.18722637679760099	-0.0027257111789812383	-0.07075993746032336	0.09605162573753058	-0.05284259185650772	-0.006952458219469049	0
GO_POSITIVE_REGULATION_OF_LEUKOCYTE_MEDIATED_IMMUNITY	0.08595195652922533	0.041548046120392534	0.11050704249368695	0.15826001521993843	-0.12128533407518843	0.024608491457508486	-0.002841315943313577	-0.09889997275736793	0.14485004905873594	-0.12143137732178025	-0.14675704282564966	0.023712160944797556	-0.01718397087928336	0.09944788805596551	-0.14217732687176515	0.10319308519202582	0.006368192644995635	0.07529443263428118	0
GO_NEGATIVE_REGULATION_OF_INTERLEUKIN_2_PRODUCTION	-0.09793212844673888	0.29685244377303155	0.4211292767916243	-0.3902894537094298	0.13981109228782568	-0.06393153551149336	-0.5126281084755799	0.15408002829497108	0.049570338880741915	0.04824791595617678	0.5013272538224897	0.21089133189615283	-0.1031183122514201	-0.0025363283627318767	-0.1369936536465446	0.02198723437644351	-0.4986287784296835	-0.05529740182363496	0
GO_LEUKOCYTE_ACTIVATION_INVOLVED_IN_INFLAMMATORY_RESPONSE	-0.07765330068350751	0.03625171937230516	-0.031238772695538347	0.10591473138135399	-0.18758625497859943	-0.22719947946014732	0.07181111266555554	0.16531455832447414	0.06449465883262195	-0.05953861832860821	0.1873773175999578	-0.08187865360910498	-0.07003042564329073	0.07349346632135992	0.055956614921286174	0.32246095069918057	0.04222444228219843	0.05738411491255174	0
GO_REGULATION_OF_MYELOID_LEUKOCYTE_MEDIATED_IMMUNITY	-0.2078208708406911	0.05760813405508347	-0.0027912893037845554	-0.19668307265395224	0.20954163893092834	-0.13763049046131984	-0.09218657780273166	0.014192264812934896	0.07037616100544275	0.16321858248126694	0.2056496003004203	-0.20256291209950036	-0.15872622008312554	0.1818988931602748	-0.10759883977079712	0.0757755988728175	-0.2552099678788423	0.28097452042913834	0
GO_NEGATIVE_REGULATION_OF_MYELOID_LEUKOCYTE_MEDIATED_IMMUNITY	-0.327473923530338	0.13229214515382012	0.13079088360681948	-0.008646013460839819	0.01728700829917479	0.19088486181648165	0.17430172039760786	0.02966073889357526	-0.28204834238817966	0.3856385359542924	0.288010969213228	0.38267109439337066	-0.21662343692917532	0.5342232331069489	0.016850059841359483	0.35148150230263325	-0.5459824539580087	0.21914053495261407	0
GO_INTERLEUKIN_1_ALPHA_PRODUCTION	-0.45691060012628926	0.37369877360960024	-0.028991728491821467	-0.1603011827668994	0.10224785994070484	-0.13240601010445008	0.26434676105356636	0.5418633735118588	-0.09812550897933078	-0.38561102486290855	-0.12570224607314429	0.1716160977525606	-0.05878879338633747	-0.4285344194467873	-0.5227261603193132	0.6750399119362955	-0.02946246230545696	0.6158968208087385	0
GO_INTERLEUKIN_1_BETA_PRODUCTION	0.2048660797128019	0.23825717646130157	0.20417500680108247	-0.2081739108785919	-0.0002305790541242414	-0.04945983200258136	0.16571780288215698	0.09259710014060375	-0.2188804682238515	-0.020719555195908207	0.12208392608042448	0.18106908105176067	-0.12397274625933374	-0.026188611905355624	-0.17329364309487447	-0.04436358011122998	-0.1374374914637852	0.18591975670567024	0
GO_INTERLEUKIN_10_PRODUCTION	0.02612847692480036	0.2528396523653231	0.2357293087752248	0.15102066950309662	-0.1286544929805394	-0.05188467522714944	0.044929961994020134	0.0378252879043737	-0.0910091813166653	-0.20153931199451972	0.01914778582349569	0.09306077144742392	0.06572019821594952	0.24134679753267346	-0.25099909490911293	0.08716355988004965	-0.1179372407867845	-0.06031695368619133	0
GO_INTERLEUKIN_12_PRODUCTION	-0.05713159439278001	0.09217746430943784	0.209510459553976	0.060998276597741555	0.010013387691957198	-0.1060373678691002	-0.042678635714831575	0.12219184996206414	-0.21120032953320175	0.050594347206628226	0.01262295258689497	-0.0607844440086453	-0.04981463433160638	0.2317189763469314	0.0703926294370566	-0.09981001907539805	-0.08817510256952416	0.1908215346394603	0
GO_INTERLEUKIN_13_PRODUCTION	-0.05429644240005779	0.21286272759864286	0.12546125557447066	-0.1602663274263032	0.16112339628321592	0.12595771792573512	0.16398443352382944	0.011045415763410837	-0.09326371958128926	-0.2185079247209275	-0.22110899311292045	0.23308580926134548	-0.21226110938767118	-0.29819639169805057	0.0028890924906397053	0.34284396499205616	-0.08440460714464898	-0.15085834590481711	0
GO_INTERLEUKIN_17_PRODUCTION	-0.10885095882690712	0.26789675325454043	0.3109596034094525	-0.39154097607191557	0.08584504382584679	-0.18918023700014602	-0.45049524624344883	-0.07607211257654667	-0.16278490622031236	0.03879139911859755	0.21651781423010735	0.25473232487533026	0.32885700399944	-0.1268543799174629	-0.32147350496202853	0.29588560779059464	-0.203413730216651	0.2908679757681051	0
GO_INTERLEUKIN_18_PRODUCTION	-0.14504199994001607	-0.467439199848583	0.39607793204388986	0.23562183506231563	0.34367204582437894	-0.24152787992745858	0.4780825188081518	-0.012204724409459022	-0.04081364829398784	-0.3812529386732918	-0.047965879265056854	-0.3763743955201775	0.19338279830407362	0.14107596077276094	-0.09276570284088548	0.34541967083264474	0.1773744003802676	0.057677165354309445	0
GO_INTERLEUKIN_2_PRODUCTION	-0.01761958044107806	0.041445131266387714	0.26742418967600234	-0.14475213796437172	-0.06649813371785293	0.08148752112679403	-0.3186083366433933	0.2172371180525599	0.10719127621936222	0.08923467372481289	0.17583929561207318	-0.012311222640678465	-0.09394603125056963	0.11608984947518992	-0.08510890586514581	0.11780878626095592	-0.3389846806729653	0.08010225453018593	0
GO_INTERLEUKIN_23_PRODUCTION	-0.0028459036632959567	0.0833169323622665	0.7591025388703715	-6.560388386922522e-05	0.4877208151955668	-0.1498374686543714	0.6498064685429307	-0.17374621324334028	0.07010012599033422	-0.15141699072114673	-0.6283812829462059	0.40894389076341403	0.08990229745399037	-0.415695557323901	-0.2673923446459145	-0.690968757682675	0.11809636632639464	-0.8445396585726134	0
GO_INTERLEUKIN_4_PRODUCTION	0.05246861047180476	-0.04730602880578755	0.20014278834498667	0.19642987346073262	-0.12947995255772227	-0.014154461346743613	0.07351938983095152	0.2361293931282018	0.252610097137255	-0.0600068732084616	0.13999636896576387	0.12338411645724191	-0.2688635634427329	0.07279347150009297	-0.2645510296553657	0.2068856520219181	0.043527031911835296	-0.2681376414965444	0
GO_INTERLEUKIN_5_PRODUCTION	0.036621095895448874	-0.11687959201007354	0.08308523081332184	0.17383939929668282	0.28250962002301966	0.23257173460354014	0.015900998751183226	0.13665851079360375	-0.16714423587309463	-0.19540167538336473	-0.2096143448749543	0.2638753502175692	-0.23610087617835063	-0.18473872733353092	-0.28351918571277224	0.4526721682557071	0.14782834101619236	-0.13214344131175626	0
GO_INTERLEUKIN_6_PRODUCTION	0.005907889767995472	0.016441251574144056	0.2053071649185579	0.02910015512769723	-0.050866102089899876	-0.03468779026244814	0.08044363598670748	0.18903208851607928	-0.08362645752290648	-0.17554769869897913	-0.022897417272647408	0.13372424357773138	0.09462282387119324	0.08675958862276348	-0.3136130222529767	0.04815064797608287	-0.08384051451678008	0.03538324118656204	0
GO_INTERLEUKIN_8_PRODUCTION	-0.20639461646956894	0.052345214202506346	0.09968255561528769	-0.06201732249032131	0.08478894625745856	-0.1234764913623767	0.08325255491423358	0.22192612183893903	0.17135432488205057	-0.09570916428912855	0.1702048314738136	0.09558805691958717	-0.05571428101310866	0.010061244235746752	-0.12853179293577063	-0.06890550634596938	-0.28559224111221193	0.24604939902246725	0
GO_REGULATION_OF_INTERLEUKIN_18_PRODUCTION	-0.006232777850728177	-0.62268357078412	0.050939936814746845	0.544670689378243	0.4121909361870461	-0.5180666524000056	0.755067061810993	-0.012203122949797474	0.07439968508065814	-0.37541495132013764	-0.09841228185284917	-0.48647735996880936	0.6272909394835054	0.38200279943980775	0.01536391494288511	0.45038923898915223	0.08424091326593358	0.19026586860502015	0
GO_NEGATIVE_REGULATION_OF_INTERLEUKIN_13_PRODUCTION	-0.4593424868359456	-0.08279210129250564	-0.324768817531486	-0.08042289458332835	-0.3626282615556908	0.5828249032343532	-0.332097026364772	0.5278488486518078	-0.5067025160961173	-0.6442437295828651	-0.697432280493928	0.4318138608797294	-0.11119479396459839	-0.323568045470221	-0.20432001768992247	0.8870301121826694	-0.26122585213475896	0.20358630477524056	0
GO_NEGATIVE_REGULATION_OF_INTERLEUKIN_4_PRODUCTION	-0.61863898014237	0.33862831830692836	0.14038308627159857	-0.002748186412632858	-0.21027543776788465	-0.02813354771327256	-0.18012508950285355	0.05065712441980988	-0.6079653566040997	0.004955716019699685	0.24906529496588836	0.33572201884130015	-0.2314719625185339	0.010036156399618579	-0.6546869889007496	0.5043716470212555	0.33681257062534437	0.2594555459284844	0
GO_NEGATIVE_REGULATION_OF_INTERLEUKIN_5_PRODUCTION	-0.5815909325704781	0.3446904705352676	0.1947874934382135	0.3120685328372408	0.29597433518354127	0.3963192582526279	-0.07238730373620922	-0.4384756043361932	-0.4669699387155405	-0.3728645053139157	-0.02426222756777946	0.1422219038849922	-0.40502604238029427	0.005501697428171359	-0.6001411011391045	0.6617228261823164	0.08469144481740071	-0.2254472410137694	0
GO_POSITIVE_REGULATION_OF_INTERLEUKIN_23_PRODUCTION	-0.15893735651032848	0.03168251885855877	0.8592325352574588	-0.8685470646109243	0.4196129878648885	0.6467038373237228	0.9773040341095443	0.7866841587405649	-0.6842243358475046	-0.8882256477529265	-0.7778943916034347	-0.053328960314917184	-0.0459822892752364	-0.0301082322073547	0.35100032797638314	-0.052410626434957086	0.4711708756969777	-0.8762873073134452	0
GO_POSITIVE_REGULATION_OF_INTERLEUKIN_5_PRODUCTION	0.21634744024365035	-0.27956807459244565	-0.010983493728734917	0.12927833236528713	0.29021304923583385	0.10167693008877102	0.032626980576621584	0.30887634937943126	-0.04439220232314642	-0.15728631236837834	-0.294146461734749	0.32020890986695383	-0.14192112797330803	-0.1351410572874514	-0.06625191841372396	0.35009643178928107	0.13007777135416432	-0.06465686934425993	0
GO_INTERLEUKIN_18_MEDIATED_SIGNALING_PATHWAY	-0.5006626351384031	-0.30715938534122406	0.45107994251459327	-0.1397792842489152	0.4591876420864638	0.6708314344376676	-0.34662589324986665	-0.5257111494410056	0.490055038827783	0.2628984943861356	0.28296542275738934	0.3391652871647764	-0.23339362295309835	0.1708067632147409	-0.07244094488191363	-0.30446497859628185	0.08815901667044765	-0.3495785840485564	0
GO_INTERLEUKIN_4_MEDIATED_SIGNALING_PATHWAY	-0.0576703807518088	-0.22021010021638646	-0.0022965879265318956	-0.008675191742290866	0.32964530423799454	-0.34635025517162804	-0.06250398626329029	-0.09603024501290502	0.6616064795898073	0.2141377228381082	0.3967191601050093	0.2879227236457239	-0.29609603083244695	0.16102934413723435	-0.163451443569344	-0.20467824161997547	-0.03495230647997105	-0.25934212403837764	0
GO_RESPONSE_TO_INTERLEUKIN_3	-0.11295325469990403	0.38250124522680384	-0.5502238524261087	0.4130886282220653	0.6775831628598041	-0.24854213412068818	-0.5209600806041064	-0.024344240193248046	0.2780145731640129	-0.5891394487774569	-0.48065108877598905	0.29729462260464085	0.29400749925324743	-0.2060559472857298	-0.02860704678174414	0.1853893228841022	-0.017457885325960182	-0.044654649967792115	0
GO_INTERLEUKIN_7_MEDIATED_SIGNALING_PATHWAY	-0.08343286062446745	-0.18997614404425928	0.05258008472544326	-0.0017394827743787422	0.18407227830947331	0.17063262873081694	0.016726962747807883	0.3125606996859969	0.19968574181069998	0.40267196119047954	-0.020206040500133804	0.08684606726961913	0.16000645265440575	0.29081084525873885	-0.1962795837172368	0.23137705524732533	-0.08998725795463604	-0.16928765806426968	0
GO_INTERLEUKIN_21_MEDIATED_SIGNALING_PATHWAY	0.11958957193456624	-0.0007874015747383334	-0.4761132891858284	0.21890459604798526	-0.011706775055852242	0.4052544252677018	0.4235996746773595	0.0993603526123144	0.4855645311175776	0.8337550351193149	0.31246719160106007	0.24576034942789204	-0.6570485564883415	-0.24271532924172415	-0.015491642018111484	-0.23579269620864798	-0.1409955707911696	-0.5465109417054913	0
GO_INTERLEUKIN_23_MEDIATED_SIGNALING_PATHWAY	-0.05339563772461703	0.12330205394051294	0.40867204661702805	0.23001579025003313	-0.3094360332712145	0.15072764901812685	-0.25730174715984255	0.13553941891156768	-0.42741204017014833	0.37092101390958715	-0.01023689218457191	0.4792329537148819	0.10794671566371149	0.025008417265697497	-0.08171877419616724	-0.28700051393553705	0.021007971827132543	-0.10156787285797145	0
GO_INTERLEUKIN_12_BIOSYNTHETIC_PROCESS	-0.45973408954848016	0.17019352889653766	0.44851923959157125	-0.3214678958089807	0.1738445509709334	-0.007000511170922874	-0.15788735506355508	0.27887571664074806	-0.23114442592873247	0.396954798687747	0.6326930338555218	-0.2764422107183385	-0.4070107955236477	0.28875326903460785	-0.20665761170123806	-0.3249652768164486	-0.441379454820488	0.3028479808831888	0
GO_INTERLEUKIN_2_BIOSYNTHETIC_PROCESS	0.039486735921434396	0.1840406507417306	0.2946599714567607	-0.08194988388107002	-0.05014434921963423	0.5433418757050557	-0.2618462001461927	0.24447735725980133	0.018066435897277244	-0.47772765055580224	0.0010590604506355572	-0.04939548426181023	-0.3777296566493028	0.23552944288956115	-0.19674658231775757	0.1938650807066152	-0.22936650435707617	-0.0824077526131761	0
GO_INTERLEUKIN_1_BIOSYNTHETIC_PROCESS	-0.0727683753176224	0.42380830391282265	0.2973708414875321	-0.1295586713540494	-0.0232111162261755	0.19594052623670818	0.34048185149334037	0.46080013434475015	-0.1979330497764918	-0.12979594512360768	-0.013208287945193659	-0.7003657244690364	-0.27285232939116333	-0.39870905211655405	0.0067261433176663	0.5701077559224671	0.1519745909640209	0.5899011313151765	0
GO_INTERLEUKIN_6_BIOSYNTHETIC_PROCESS	0.20090471216793407	0.30626297487888576	0.3531091089444681	0.18392987870309246	-0.1328903178231007	0.2357460681630224	0.20791220170184077	0.44919393110369676	-0.15436384748514134	-0.11292700557706001	-0.19574325680398383	-0.231122037261345	-0.04289164412468402	-0.17470900638362066	-0.08731333113837647	0.07306943774951546	-0.10224516678900085	0.030446962811776418	0
GO_INTERLEUKIN_8_BIOSYNTHETIC_PROCESS	-0.16311713643847625	0.024667345574017785	-0.4161942213182065	0.24378649287175544	-0.22062389030946536	-0.11115084280280163	0.167692837785492	0.18246809812452802	-0.18866979089207286	-0.23615080746592754	0.038792825585173996	0.2768608908271894	0.16351048019740239	0.3749700898952018	-0.20173767379423574	-0.05459281752278028	-0.45145051724147556	-0.17678171437468	0
GO_POSITIVE_REGULATION_OF_INTERLEUKIN_12_BIOSYNTHETIC_PROCESS	-0.34008552761291244	0.3375579459367468	0.41216303268395926	-0.46931544205553316	0.22260806884259127	0.07473505740290648	-0.3722349919851502	0.4234021867901995	-0.018324230852742956	0.13392230984822032	0.39857299923629586	0.17079695678304227	-0.5206943815195842	0.13298738161261872	-0.2573483678583516	-0.17947541393388944	-0.6602483016633109	0.5069596759898516	0
GO_NEGATIVE_REGULATION_OF_INTERLEUKIN_2_BIOSYNTHETIC_PROCESS	0.02758740407151511	0.7924631849216408	0.6168263761841003	-0.49220420592251884	-0.1861494603974409	0.26258899968986826	-0.5947850184558892	-0.19767747014836	0.6040712350948331	-0.5549381071728472	0.6111307770251007	0.3668897955132179	-0.5485353257653037	0.28111448220674107	-0.17550190263753285	0.1795420476893147	-0.5604185390555938	0.1270778652931831	0
GO_NEGATIVE_REGULATION_OF_INTERLEUKIN_6_BIOSYNTHETIC_PROCESS	0.6761608538534383	0.12963327428970822	0.08397710802213126	-0.4030284945714977	0.23974043136031387	-0.5293622497396012	0.532338773735981	-0.060749196352558654	0.1442714911144144	0.5438696586739392	-0.15525582696448792	0.19199420899650854	-0.0955848586238075	-0.10102998097505178	0.7853675562826546	-0.7809893390351823	-0.3069147882572759	0.4694503536664216	0
GO_POSITIVE_REGULATION_OF_INTERLEUKIN_6_BIOSYNTHETIC_PROCESS	0.17793234298372174	0.23229483588939098	0.3398093801570456	0.14301002355260745	-0.16200112622144175	0.1699834255959898	0.05679645019459886	0.5668623716449309	0.015850052172239087	-0.2277125506361159	-0.07023843503870383	-0.301911021726523	-0.31541228562498935	-0.16877570583780496	-0.17103547046547285	0.0851385059735047	-0.12358542697836694	0.13494070564198307	0
GO_POSITIVE_REGULATION_OF_INTERLEUKIN_8_BIOSYNTHETIC_PROCESS	-0.06808893390931481	0.18466526687247975	-0.3361562764115561	0.23525425405400205	-0.23268487316582176	0.2789783795020224	-0.20952144803203526	0.752853956173722	-0.3624299984508976	-0.6338915155957054	-0.1869262319640642	0.029589292743686046	0.06908542186060923	0.30343626628288867	-0.2589881827366661	0.5390140814873869	-0.5421473179281135	0.13790328402933866	0
GO_INTERLEUKIN_1_SECRETION	0.05100800951630369	0.09725363631685831	0.34561892914093983	-0.20709647866914185	0.20619509019908305	-0.14137515070381024	0.2278430610024344	-0.08785110733687586	-0.05357816815667424	0.007727226359111494	0.3548509057475174	0.28755888401399	-0.124859355198833	-0.05647750988248154	-0.3546500319453218	-0.1752845568686579	-0.17108263272549548	0.12847634722859466	0
GO_INTERLEUKIN_1_ALPHA_SECRETION	-0.4903971040428037	0.4985211571684592	0.4728123798963833	-0.18451377730274732	0.4504517759139198	-0.13239732318601377	0.5942789216950801	0.41404893044937724	-0.06942501913527199	-0.5223723920743956	0.40702518471749616	0.03726545072820259	-0.058784936360111006	-0.4140439882081404	-0.6343948618587176	0.6637754039890768	-0.33762062625332445	0.6801114138086428	0
GO_NEGATIVE_REGULATION_OF_INTERLEUKIN_1_SECRETION	-0.2491655423063436	-0.27384418200325034	0.22401173388721918	-0.09483841537665218	-0.0841328015826614	-0.0866161485594138	0.2013037337875011	-0.33852108275002213	-0.2870845974847345	0.0019513701038686992	0.5482379394070104	0.44709161285323556	-0.11409244720825878	0.04170325704032202	-0.42178445716422186	-0.39583471663817976	0.3538811118145748	0.021338746670707343	0
GO_NEGATIVE_REGULATION_OF_INTERLEUKIN_1_BETA_SECRETION	0.15286967096213502	-0.35263321630189515	0.28462831125578514	-0.15728045411252664	-0.01461888736246797	-0.02571691945920962	0.021057660863831984	-0.4060338629959628	-0.3095856644526398	-0.04237434159815284	0.5033078291883679	0.5026159671551145	-0.46192414233749	0.29038968908891544	-0.5655503219087488	-0.40389363034775316	0.5276561683964338	-0.19345373011714664	0
GO_LEUKOCYTE_TETHERING_OR_ROLLING	0.15601511127303003	-0.22568418122243716	0.3639227226024387	0.32723670022423085	0.017226706208403858	0.28486674008912494	-0.20300301252498176	-0.4122627099439037	-0.1955312742305414	-0.03589063341790813	-0.36258895446804146	-0.3029468091201466	0.22796059147870734	0.358393907675374	-0.25983143348946947	0.2329857189041516	0.2160879585662937	-0.27207762366895943	0
GO_MYELOID_LEUKOCYTE_CYTOKINE_PRODUCTION	-0.332263689041917	0.11557069282439422	-0.28187699656966614	0.0463342634124608	0.10664427431159412	0.10828610565290447	0.18350347944108059	-0.02624215721564166	0.22626529392001243	-0.09582581151309125	-0.08337981472215358	0.15455860337663963	0.025993787271366503	0.08768049509002201	0.08689804194092773	-0.14318476404812128	-0.443067935515588	0.30661856409162735	0
GO_LEUKOTRIENE_SIGNALING_PATHWAY	0.6105006160948749	-0.21839256106945093	0.457604528834375	-0.5935457162622655	0.6510119520347233	-0.09204828762635403	0.12157621351122844	0.08213109766492707	-0.14787372562804896	-0.2729418832292365	0.4162582455669798	-0.10523993085521827	-0.3830868345166027	-0.04999322440600809	0.6789720069058506	-0.049009316362727706	-0.42270481178103286	-0.4860726562008983	0
GO_INTERLEUKIN_6_MEDIATED_SIGNALING_PATHWAY	0.16818366723552464	-0.311959360666501	-0.4112006504788085	0.05404871452747076	-0.28848174415541855	0.42297245840548287	0.0872964612319169	0.19645344191211114	0.09546249270752685	0.2116962485309375	-0.23077291936188418	-0.2240770355523546	-0.15663694933491884	-0.0803687201849015	-0.008552400165933921	0.5270706663466298	0.2319227988859054	-0.10356509155532567	0
GO_REGULATION_OF_INTERLEUKIN_6_MEDIATED_SIGNALING_PATHWAY	0.7322874857942461	0.7712190162714117	0.023615848858675015	-0.229270532668571	-0.30083967462609484	0.7337328243075473	-0.2858173707688373	-0.27853581737077826	0.82674002728234	-0.27938861191289144	-0.06671477302532286	0.6865241244608276	-0.12057202833894104	-0.12221201784298152	-0.259643138283912	-0.12896877459976908	-0.13178955654676244	-0.1508790343741161	0
GO_INTERLEUKIN_27_MEDIATED_SIGNALING_PATHWAY	0.31280751182636257	-0.4090158565924538	-0.2587951163895338	0.49875091437190305	-0.17140462391006667	0.20205728586914978	0.536898039732785	-0.056600710657134734	-0.10632820494373418	0.1785786824166698	-0.4630654458403402	-0.0004986515694631044	-0.3532613643522739	-0.26500861881849436	0.06818245559461472	0.22819588107009492	0.2030090621464382	-0.14541657225281057	0
GO_LEUKOCYTE_AGGREGATION	-0.3149422239753453	-0.12458925856582509	0.266147175083021	-0.04770622689942894	0.31220964020676556	0.0975139179651108	0.10315907427301466	-0.10338591374556216	0.028106869531439288	-0.12448083600077223	-0.02363522677323962	0.05494171432664613	-0.41209432129084367	0.1821229923221227	-0.3462784828999783	0.2238129315552247	-0.018889957368369903	0.11670796189086236	0
GO_RESPONSE_TO_INTERLEUKIN_2	-0.5450991925981297	-0.007830039029197877	-0.04497551392446886	-0.12674981040703448	0.35278771669295467	0.10933613339170536	0.4389622361206186	0.09188100783098901	0.1100853356543782	0.26059965624093345	0.12757747342312042	-0.232656082337523	0.17147207246419763	-0.13864937147269352	0.22207087802439052	0.09563125350678392	-0.20527124140846262	-0.218641695750076	0
GO_RESPONSE_TO_INTERLEUKIN_12	-0.22874875329013283	0.3027403978300576	0.25656167528211726	0.20089185868026324	-0.23370526689662963	-0.07839363180350725	-0.2529973328126419	-0.12348072581722572	-0.10099077233972656	-0.05659177131486637	0.16676947555473534	0.08251456147306654	0.07767344772731219	0.2888385760331982	0.10942698676843908	-0.20232772282240197	-0.22812591031685592	-0.1223753992828702	0
GO_RESPONSE_TO_INTERLEUKIN_15	-0.46748513924651136	0.09706564179686683	-0.12389348926499516	-0.13414833184828828	-0.13714615978999334	0.10292898975339229	0.4930264082814396	0.21548730828874907	-0.3772625707155399	0.4289559049797152	0.02144808714140123	-0.28377311941514405	-0.09400157703408762	-0.2781508289536748	-0.07290630613274279	0.1884769217651186	-0.05020117075612324	0.034624483999721956	0
GO_RESPONSE_TO_INTERLEUKIN_18	-0.2111548182169402	-0.3433970273272731	0.3918570032244622	0.15666348374753875	0.39789492023724	0.2520925176362403	0.17467053298657054	-0.46403944297045063	0.3862912244585744	-0.09374149514410401	-0.041422442712456486	0.3846708554374397	-0.011040395213886889	-0.1548732929030563	-0.05666394542721137	-0.2850963747546904	0.0033924941211972703	-0.39714742508270473	0
GO_INTERLEUKIN_35_MEDIATED_SIGNALING_PATHWAY	0.4100993143590891	-0.4289135703192357	-0.003871920960235753	0.29513634512135856	-0.2800321502155446	0.4016808147093692	0.3284152749235749	-0.19245975189337922	-0.017412936713326693	0.07470568952837031	-0.12149469196626589	-0.08970680611324236	-0.2775507946720439	-0.0408289917111766	0.03553816995060122	0.30421668020872655	0.2941440259097133	-0.19696970905534525	0
GO_INTERLEUKIN_2_SECRETION	-0.424130383664775	0.20240371933088475	-0.5683194560622828	-0.180912736285607	0.16006019183496528	0.12047940132463136	-0.4229038562737889	0.02444975729934773	0.00882216570746805	0.6050859079753139	0.45512542165878767	-0.27457442010299254	-0.2645200483695749	0.05954966692114563	0.4278136373555402	-0.04766804893636167	-0.5068334729391675	0.07084713583909394	0
GO_RESPONSE_TO_INTERLEUKIN_9	-0.22938166856582204	0.1662291639323129	-0.3474892711513499	0.04455595915961444	0.025725160782270107	-0.10533973593139462	0.4944810397513973	0.07914349076974782	-0.07228849834987694	0.7107497246036425	0.3603581465199942	0.28985037057362695	0.07329347064110714	-0.20721259415936705	0.16922341165383314	-0.27554863976421023	-0.25300320495987755	-0.21699453558537285	0
GO_INTERLEUKIN_4_SECRETION	0.684066593842948	-0.5788204226221745	-0.4910294155523234	0.4667807663360726	-0.06383770030584718	-0.18024977097639264	0.053080506528357385	0.5526540253263632	0.01601951305061805	0.06564143055460525	-0.27847461222494946	-0.26118785744991224	-0.2014274953330753	-0.39161779016033726	-0.1462004931041618	0.3754823175611275	-0.0668591299783938	-0.26915079695210964	0
GO_INTERLEUKIN_5_SECRETION	0.006818579984212647	-0.6851800607583216	0.40159174598511216	-0.001008502176340964	0.3917845361228834	0.3472698986870347	0.3234983298381579	0.17090219250230645	0.10064969134589843	-0.6495321637597032	-0.36143707767313044	0.11939157198406616	0.07268287918370547	-0.1389498777860974	-0.6090353130662496	0.6192518912727081	0.310192774585767	-0.2157365906773048	0
GO_INTERLEUKIN_6_SECRETION	0.1263542741382533	0.045842786812481356	0.10692036121835562	0.2235638258638247	-0.01613326222161718	-0.2795986760731718	0.37714963351302827	0.0866846014721311	0.10773713883594205	-0.3767681480120537	-0.05312757353875791	0.3724659476669383	0.06683662453572065	0.10157344260093108	-0.3731695839807945	-0.14447461286364205	-0.08924103644864972	-0.2195185492270554	0
GO_INTERLEUKIN_8_SECRETION	-0.2919984187778765	0.07691632812465476	0.2177068892547407	0.07530636165491553	-0.2139482519748006	0.06529935072558415	-0.007203061977608283	0.3589672233952243	0.19232092268852213	-0.3127147599904633	0.11159302795097303	0.2868386882091931	0.35205504084649797	-0.1641421796839205	-0.337419300181195	0.2180934955397884	-0.36306755891922193	0.5582453643657824	0
GO_INTERLEUKIN_10_SECRETION	0.22195133019269067	-0.1977666896273367	0.08683794188850338	0.0253463433337148	-0.5191048154881954	0.2459077860280217	0.20981272081067748	0.17052265346898046	-0.1886670507367841	-0.468165995452405	0.18354969483525055	-0.04223211800875881	0.4399637403087499	-0.17001966978001093	-0.4189013279734652	0.34571884377059886	-0.29323483071370743	0.5698628523081588	0
GO_INTERLEUKIN_12_SECRETION	0.22580714141870464	0.4938965274385101	0.10176134958551275	-0.20203665216878913	-0.1163837791737827	-0.5012791327677957	0.19311023622045476	-0.21068452596711773	0.42336975658729004	-0.27015418136435565	0.47633948303250045	0.27975014423934175	0.3273237100246734	0.46260760098661746	0.4559445362448765	-0.6027255319500455	-0.4290102069467212	-0.12477151267275538	0
GO_INTERLEUKIN_13_SECRETION	0.14380102967696773	-0.5618271520677928	0.5262444439649979	-0.2676224147645929	-0.020736268784094708	0.2612461093814047	0.3775525563054917	0.2660174558964336	0.07336255338507783	-0.5731792780131537	-0.3188662917376715	0.11262007362857474	-0.057024739156171705	-0.08714565375409922	-0.40498262245846817	0.6154091795277191	-0.08071032231873332	-0.12129014894094958	0
GO_INTERLEUKIN_17_SECRETION	-0.32623185771912344	0.48018632725366683	0.25677947383632377	-0.46579486746122273	0.24332519010587492	-0.5539111902740177	-0.4275044893327504	0.20037517239156738	-0.12041276245256388	0.028258146896183667	-0.240191575908692	0.3779377562744014	0.18622364009449563	0.232599600134436	0.33002191228676403	0.5784906314201363	-0.7848610570412207	0.2998329994546243	0
GO_RESPONSE_TO_INTERLEUKIN_17	0.6177684824602107	-0.8886849884758339	0.5325881169708215	-0.5314492907836357	0.08253510038046963	0.3775460864691435	0.2538308780935209	0.4771655402404362	-0.4060614082466598	-0.5866095268019009	-0.6505862953235799	0.379075407030013	0.29664691531384	-0.5428540193917158	0.5602232557933838	-0.751030893987559	0.5979021251631892	0.18988505048191495	0
GO_RESPONSE_TO_INTERLEUKIN_7	-0.17498589334804945	-0.017671209964226026	0.048181452441162814	-0.046138802436488324	0.13217089876602975	0.004064868835913615	-0.006670946000917249	-0.011396267814431732	0.14095450417585248	0.2220024197628298	-0.06868845252863323	0.18087433839070777	0.13036673216835143	0.329998392909559	-0.16086029749997732	0.15917689834634866	-0.11233877525831723	-0.2712013180101819	0
GO_REGULATION_OF_INTERLEUKIN_2_SECRETION	-0.2699251086387128	0.0663598112423977	-0.15083322398643517	-0.6990699127101118	0.5357725769095687	-0.15003296357602625	-0.25952788190990406	-0.12640185978704332	0.4238835024156231	0.7463587455714474	0.6829069128057907	-0.6371922379721993	-0.5906327599793052	0.44688149306437525	0.7480893292555284	-0.40647690209014675	-0.2754292990825344	-0.558171871115582	0
GO_NEGATIVE_REGULATION_OF_INTERLEUKIN_6_SECRETION	-0.241416025318605	0.1289054929815463	-0.1053357276560844	-0.059126959515200084	0.37492957282358697	-0.05080017063689524	0.16533138732031755	0.33623267535206275	0.05970519836756427	-0.18992651464891244	0.07211203898349983	0.25177213158013206	0.07240640055400849	0.4443639548960196	-0.5789072182095982	-0.09410308347533988	0.21470495115983768	-0.4069291501480868	0
GO_NEGATIVE_REGULATION_OF_LEUKOCYTE_CELL_CELL_ADHESION	0.034937679900803	0.10118026996327807	0.17337524674724672	0.017077320373737936	0.005064810929336527	0.017157061556811626	-0.20895954614339363	0.09384142847408099	-0.0439095848184802	-0.20297067677641534	0.02438928447750227	0.15560681684913902	-0.06153311568737746	0.029359280469845622	-0.14910486613702928	0.19085173988611603	0.007596726521974018	-0.03483633601440658	0
GO_POSITIVE_REGULATION_OF_LEUKOCYTE_CELL_CELL_ADHESION	-0.000864963810137731	0.13578592360191324	0.289687609558221	0.07292069840612518	-0.03683977139329456	0.10208978070053402	-0.008142485744789568	-0.020261988148930946	-0.10592094627490022	-0.17979251136455676	-0.020413249199941336	0.026730733986569	0.05809195186169189	0.10658966486921022	-0.27006036006384543	0.09594604220541832	0.041054378565262034	-0.12111446040833501	0
GO_REGULATION_OF_LEUKOCYTE_TETHERING_OR_ROLLING	-0.602283164938739	0.31981395177251837	0.5070119201748786	0.6862245011069027	0.5029762062896974	0.7680967937484254	-0.5954161408038662	0.47910800027866385	-0.4963291239297946	-0.6478070372181469	-0.7798646747223124	-0.2396467291484462	-0.3793889799532236	0.27687135146069264	-0.1187093853155553	0.504794075765433	0.18370292612512606	0.05661986615923925	0
GO_REGULATION_OF_LEUKOCYTE_ADHESION_TO_VASCULAR_ENDOTHELIAL_CELL	-0.028213463121586846	0.32709852479341006	0.5218990124933892	0.22677932843505422	0.17055580937183118	0.16408553548623353	-0.14688602640570303	0.174208679233059	-0.2629571917474942	-0.057323243254591705	-0.3566452649577501	-0.39805301504471036	0.168060658729376	0.08763409938964405	-0.34151836589914986	-0.05939296500898056	-0.02967909314797451	-0.3255007590618334	0
GO_NEGATIVE_REGULATION_OF_LEUKOCYTE_ADHESION_TO_VASCULAR_ENDOTHELIAL_CELL	-0.3115980057727682	-0.23143531881388013	0.8970086591445682	0.29888689327051343	0.5460574721366371	0.6869574734005439	-0.227863997598155	0.5688139595906861	-0.4782865389661685	-0.509446339543489	-0.7808941185464009	-0.5245303623927012	0.20961869504886257	-0.20204670690099996	-0.12036974384313087	0.6480518378658898	-0.19745473628963506	0.05661243768040586	0
GO_POSITIVE_REGULATION_OF_LEUKOCYTE_ADHESION_TO_VASCULAR_ENDOTHELIAL_CELL	-0.015079097417081078	0.35051302591090533	0.4317819593518964	0.2126191610030915	0.05760109546007994	0.08014894180518584	-0.16493217454238066	0.11023739661855878	-0.23415976968322583	0.05949516723257409	-0.24130986103456542	-0.34336197391047407	0.14725878824246103	0.098634727412905	-0.43234748861790806	-0.18740921357147386	-0.0173614840970073	-0.4133950809166964	0
GO_RESPONSE_TO_LEUKEMIA_INHIBITORY_FACTOR	0.022797810522933004	-0.11480663679575577	-0.01516689547889255	0.21491644463994258	-0.17156834272375016	-0.0013626179123306936	-0.059622545201331145	-0.03376031456561496	-0.1955260576287676	-0.09088291437687357	0.08745842102214788	0.021991865730216192	-0.11373321239051573	0.0633549294974292	-0.23657182926117654	-0.0010870717871535596	0.143538054272201	-0.08614533534134888	0
GO_NEGATIVE_REGULATION_OF_INTERLEUKIN_8_SECRETION	-0.5412775248308014	-0.0157794617240693	0.2294509506109118	-0.40596292362631226	-0.36644184845734645	0.4348220403276466	-0.4460913372639806	-0.002367249767438323	0.41715682865458187	0.38431041754772916	0.1664844833513042	0.28173224559804877	0.2591207349082688	0.043760354147839325	-0.13425245963211982	0.5369692421691108	-0.4267982436104266	0.5943863484332972	0
GO_REGULATION_OF_INTERLEUKIN_1_MEDIATED_SIGNALING_PATHWAY	-0.13590556215608568	-0.29932542745872626	-0.19926109433278746	0.1062922380420584	-0.12739007380505152	0.5663121880414739	0.54421340250195	0.27507294464466014	0.5936049610707016	0.020581354219712966	-0.59492065313384	-0.1790958983286679	-0.4464055435638181	-0.12466373597543373	-0.6327321019051195	0.31546076372929854	-0.40735277447298257	0.5780926401272213	0
GO_NEGATIVE_REGULATION_OF_INTERLEUKIN_1_MEDIATED_SIGNALING_PATHWAY	-0.24891511726053284	0.11874256503315017	-0.004723479630074745	-0.22948395218236217	0.02447024863859848	0.7915852985651304	0.4957054296844313	-0.11734316012830603	0.7058746537541275	0.44429569440596084	-0.4616880032073274	-0.5675023057455298	-0.46098865094511254	-0.19602588537530097	-0.27337858947317506	0.15120441012448754	-0.5820419043628177	0.2378096577700847	0
GO_POSITIVE_REGULATION_OF_INTERLEUKIN_5_SECRETION	0.007237079590043327	-0.6730632438287814	0.4261465361170478	-0.4814823337305375	0.5730765324743016	0.08363153841603854	0.4065335571310842	0.1518804521332831	0.11011361422828339	-0.498219186825525	-0.2714099420823307	0.12639514454731826	-0.014640667383550743	-0.32055613131435107	-0.5375581527523929	0.5776998653623995	0.21660726733419797	-0.020447086742655607	0
GO_POSITIVE_REGULATION_OF_INTERLEUKIN_13_SECRETION	0.6697312699772378	-0.6002526112741283	0.6283021205951734	-0.5871486844480905	-0.05143681931509558	0.18190369452583194	0.30402925851622076	0.25002336595301355	0.19245290912883695	-0.5747196020888333	-0.5332633512660754	0.48202622301386555	-0.19834780540308722	-0.11757398775757838	-0.43292169383982254	0.49445113357361875	0.1845516055190019	-0.01942209053313415	0
GO_POSITIVE_REGULATION_OF_INTERLEUKIN_10_SECRETION	0.29415887970210036	-0.19543291520579364	0.09497171796850185	-0.47777911895630937	-0.5034479900385268	-0.32137117056699105	0.35887157571715633	0.15104916104305727	-0.19843064644658942	0.009119538118309345	0.314224862695202	-0.1965730857156509	0.4190257699415432	-0.1782607486499766	-0.6675633119010471	0.0315575383807527	-0.041989240257242766	0.7566788694057206	0
GO_REGULATION_OF_INTERLEUKIN_12_SECRETION	0.4335044326654821	0.5503327757461935	-0.01103675228780071	-0.03695436011988035	-0.39039433108080623	-0.38167107985139276	0.16623321439864902	-0.22736053595572964	0.40068019573849606	-0.24598680120232308	0.4132599276716961	0.19049417467679536	0.3877808729165461	0.17096250010777303	0.5232002055243904	-0.5257650212147718	-0.3321889673524999	-0.11616917287773812	0
GO_REGULATION_OF_LEUKOCYTE_MEDIATED_CYTOTOXICITY	0.19742341684033649	0.10114554148065362	0.2904602391233781	0.050229283308114575	0.02612201146109766	0.1751747434114529	-0.0037013733486107314	0.0681548084744714	0.12750292832054821	-0.36187467829044623	-0.03690834165292722	0.25351600969236254	0.07479569349585145	-0.033689947863627806	0.006382090005960989	-0.07278465584301486	0.10100415517396848	0.018977386336761354	0
GO_NEGATIVE_REGULATION_OF_LEUKOCYTE_MEDIATED_CYTOTOXICITY	0.24964837086116365	0.29055076173813926	0.4981942031878011	0.15608502165458663	-0.21414090546375913	-0.011712432810239343	-0.20358945804561185	0.2690334786718088	0.19263282764799172	-0.41625502739335385	0.06097873860842298	0.2789667374647389	-0.05078938312265996	-0.1960457039058214	-0.12816987708999178	0.04968035896435072	-0.15670541887337447	-0.2939412516673481	0
GO_POSITIVE_REGULATION_OF_LEUKOCYTE_MEDIATED_CYTOTOXICITY	0.08836728007276545	0.21763267193473176	0.15470126588074756	0.04018627442132364	0.04966950100718831	0.30733315420575624	0.10425915154240237	-0.016627692184211562	0.13708117899995825	-0.24306411993257054	-0.10139652221017388	0.3641709266496453	-0.07912429763490733	-0.11392316351051374	-0.09559473007181751	-0.10879562710758642	0.0055324178622274955	0.09876219026659569	0
GO_LEUKOCYTE_CHEMOTAXIS_INVOLVED_IN_INFLAMMATORY_RESPONSE	-0.3503411275372314	0.4298289825720633	0.08856524306229191	-0.608944668343087	0.17531600618140109	-0.38749209743813495	0.30081363363964386	0.1523322180671846	0.5587484932751798	-0.36941546939585584	0.7721559293525166	0.8451338131287695	0.23234160049338481	-0.33385734324522165	0.10207964311479206	-0.5696643899534379	-0.6661611723556614	0.1320248199941778	0
GO_INTERLEUKIN_10_BIOSYNTHETIC_PROCESS	0.1707621079822273	-0.06105040641192999	-0.18705706012548784	-0.16957564395197405	-0.2939733745529811	-0.038303662093895186	0.08316408546825188	0.23966769687756823	-0.4167933483493946	-0.6092595755859586	0.18515910407397332	0.4580566202697884	0.16028645998261237	0.5127363876484392	-0.3000749191475262	0.0613794381623185	-0.4479233179406175	0.13180019578324778	0
GO_POSITIVE_REGULATION_OF_INTERLEUKIN_1_BIOSYNTHETIC_PROCESS	0.11291557299833582	0.09480383151813554	0.051933244613024454	-0.4988152287446568	0.16451973617801946	0.43013516918974815	-0.19315825450415053	0.31636388214467015	-0.25563648258800264	-0.10713817084379004	-0.013715825166255913	-0.8151425767826919	-0.382463404587048	-0.5144320316932712	0.22002293776401008	0.721878466786556	0.23291719288964716	0.746664895887718	0
GO_NEGATIVE_REGULATION_OF_INTERLEUKIN_8_BIOSYNTHETIC_PROCESS	-0.5417330612606565	0.44004198373129644	-0.2582496522041894	-0.5129231172920977	-0.36448458362906166	-0.8974788542859287	0.4696929939648219	-0.6911716042299991	-0.12585842195707037	-0.4122018102601388	0.7888619380424259	0.8007084754657506	0.609288900551078	0.6307693467821449	-0.3013578017083364	-0.7193445284447317	-0.5837706638679099	-0.17177151676585128	0
GO_REGULATION_OF_INTERLEUKIN_1_SECRETION	0.11384240411200874	0.03544680938776926	0.27143708483025375	-0.11827868966574985	0.20867336601220698	-0.1550281070653714	0.3022939212138942	-0.11759123689727183	-0.07240945663187609	0.023578448520332473	0.35836556186364776	0.32797319081176624	-0.06951618933142964	-0.041081134118395674	-0.3044668071000984	-0.25411024945460664	-0.08136013106954287	0.08710421910974075	0
GO_INTERLEUKIN_1_BETA_BIOSYNTHETIC_PROCESS	-0.0727683753176224	0.42380830391282265	0.2973708414875321	-0.1295586713540494	-0.0232111162261755	0.19594052623670818	0.34048185149334037	0.46080013434475015	-0.1979330497764918	-0.12979594512360768	-0.013208287945193659	-0.7003657244690364	-0.27285232939116333	-0.39870905211655405	0.0067261433176663	0.5701077559224671	0.1519745909640209	0.5899011313151765	0
GO_LEUKOTRIENE_D4_METABOLIC_PROCESS	-0.5672111789017795	0.6797339613223783	-0.477363959799625	-0.5387390933543311	0.5471515071259235	0.10942727809479141	-0.40940054696012435	0.33936771951608036	0.5779830217475991	0.4627830861097199	-0.031293052548837796	0.09925867611354311	0.1714084566343358	-0.4955717378469426	0.3651014665690404	-0.44144853375328746	0.08970698943829886	0.7906580069540546	0
GO_REGULATION_OF_INTERLEUKIN_17_SECRETION	0.44424035686173374	0.42613487273681416	0.21538465079598487	-0.5180123031696204	-0.4798609288900495	-0.058711624245572636	-0.2769229423597017	0.34289137642923867	0.3388836586206325	-0.1947206975891823	-0.2504765468953516	-0.25642875885585165	-0.4641170296511043	-0.15237496914317378	0.14673375793367457	0.9233796903699829	-0.6817764366309652	0.15422715064883305	0
GO_REGULATION_OF_INTERLEUKIN_10_SECRETION	0.23267894559466323	-0.20784303531613674	0.0915421179763421	-0.002138382111523729	-0.48275749745090646	0.06055754730333701	0.21501312630802782	0.16634571390725328	-0.19331459998791056	-0.4052034659895367	0.342764846701968	-0.14254138147101297	0.41389053840886963	-0.11705045845187284	-0.33832530642399544	0.23388431553279185	0.04278215223099047	0.41807535545557895	0
